departamento	circuito	Bullrich	Cristina	Suma	Signo	abs_diferencia	diferencia	dif_relativa	x	y
Adolfo Alsina	0001	3227	1640	4867	1	1587	1587	32.6	-62.7320	-37.1422
Adolfo Alsina	0002	18	1	19	1	17	17	89.5	-62.6747	-37.3128
Adolfo Alsina	0003	1194	497	1691	1	697	697	41.2	-63.2041	-37.2444
Adolfo Alsina	0004	12	0	12	1	12	12	100.0	-62.9710	-37.0550
Adolfo Alsina	0005	532	87	619	1	445	445	71.9	-63.2479	-36.8619
Adolfo Alsina	0006	26	12	38	1	14	14	36.8	-63.2750	-37.5612
Adolfo Alsina	0007	188	74	262	1	114	114	43.5	-63.0125	-37.4049
Alberti	0010	2553	1097	3650	1	1456	1456	39.9	-60.2905	-34.9951
Alberti	0011	21	121	142	-1	100	-100	70.4	-60.3447	-35.0734
Alberti	0012	75	65	140	1	10	10	7.1	-60.2399	-35.1710
Alberti	0013	85	7	92	1	78	78	84.8	-60.3975	-34.8982
Alberti	0014	235	60	295	1	175	175	59.3	-60.3067	-34.8159
Alberti	0015	20	33	53	-1	13	-13	24.5	-60.1141	-35.1251
Almirante Brown	0017	10588	3376	13964	1	7212	7212	51.6	-58.3922	-34.8008
Almirante Brown	0018	7509	8395	15904	-1	886	-886	5.6	-58.3681	-34.7878
Almirante Brown	0018A	7380	20333	27713	-1	12953	-12953	46.7	-58.3428	-34.7714
Almirante Brown	0019	15878	27433	43311	-1	11555	-11555	26.7	-58.3632	-34.8174
Almirante Brown	0020	8486	8220	16706	1	266	266	1.6	-58.3968	-34.8279
Almirante Brown	0020A	4182	10317	14499	-1	6135	-6135	42.3	-58.4202	-34.8382
Almirante Brown	0021	10978	17373	28351	-1	6395	-6395	22.6	-58.3879	-34.8695
Almirante Brown	0021A	1636	4565	6201	-1	2929	-2929	47.2	-58.3337	-34.8538
Almirante Brown	0022	5829	10614	16443	-1	4785	-4785	29.1	-58.3771	-34.8912
Almirante Brown	0022A	8356	15533	23889	-1	7177	-7177	30.0	-58.3356	-34.8049
Almirante Brown	0022B	2363	5241	7604	-1	2878	-2878	37.8	-58.3199	-34.7856
Avellaneda	0023	4485	3172	7657	1	1313	1313	17.1	-58.3682	-34.6660
Avellaneda	0024	3038	2471	5509	1	567	567	10.3	-58.3637	-34.6582
Avellaneda	0025	1887	3002	4889	-1	1115	-1115	22.8	-58.3543	-34.6591
Avellaneda	0026	289	2404	2693	-1	2115	-2115	78.5	-58.3523	-34.6446
Avellaneda	0027	3307	8229	11536	-1	4922	-4922	42.7	-58.3362	-34.6516
Avellaneda	0030	1685	1415	3100	1	270	270	8.7	-58.3816	-34.6648
Avellaneda	0031	385	297	682	1	88	88	12.9	-58.3918	-34.6656
Avellaneda	0032	976	1296	2272	-1	320	-320	14.1	-58.3985	-34.6661
Avellaneda	0033	3841	2478	6319	1	1363	1363	21.6	-58.3858	-34.6767
Avellaneda	0034	5563	5932	11495	-1	369	-369	3.2	-58.3713	-34.6848
Avellaneda	0037	5228	5405	10633	-1	177	-177	1.7	-58.3323	-34.6727
Avellaneda	0038	9838	10404	20242	-1	566	-566	2.8	-58.3557	-34.6853
Avellaneda	0039	10938	18293	29231	-1	7355	-7355	25.2	-58.3278	-34.6895
Avellaneda	0040	18697	17500	36197	1	1197	1197	3.3	-58.3141	-34.6985
Ayacucho	0046	4756	3122	7878	1	1634	1634	20.7	-58.4778	-37.1522
Ayacucho	0048	3	0	3	1	3	3	100.0	-58.5788	-37.2747
Ayacucho	0049	6	1	7	1	5	5	71.4	-58.3712	-37.3701
Ayacucho	0050	17	1	18	1	16	16	88.9	-58.0967	-37.1905
Ayacucho	0051	6	2	8	1	4	4	50.0	-58.3180	-37.0226
Ayacucho	0052	31	9	40	1	22	22	55.0	-58.5418	-36.8514
Ayacucho	0053	5	1	6	1	4	4	66.7	-58.6102	-37.0384
Ayacucho	0054	0	0	0	0	0	0	#DIV/0!	-58.3334	-36.7656
Ayacucho	0055	41	2	43	1	39	39	90.7	-58.4375	-36.5953
Ayacucho	0056	12	3	15	1	9	9	60.0	-58.7632	-37.1696
Ayacucho	0057	2	3	5	-1	1	-1	20.0	-58.8388	-36.9644
Azul	0060	15404	9437	24841	1	5967	5967	24.0	-59.7775	-36.7994
Azul	0061	25	7	32	1	18	18	56.3	-59.9250	-36.9802
Azul	0062	1101	438	1539	1	663	663	43.1	-59.9656	-37.3124
Azul	0062A	20	24	44	-1	4	-4	9.1	-60.1009	-37.1633
Azul	0062B	38	0	38	1	38	38	100.0	-59.8037	-37.1460
Azul	0063	6	0	6	1	6	6	100.0	-59.5315	-36.9099
Azul	0064	2	2	4	0	0	0	0.0	-59.6353	-36.6880
Azul	0065	10	3	13	1	7	7	53.8	-59.5141	-36.5712
Azul	0066	41	14	55	1	27	27	49.1	-59.9722	-36.7453
Azul	0067	884	634	1518	1	250	250	16.5	-59.5274	-36.3648
Azul	0068	9	5	14	1	4	4	28.6	-59.8438	-36.5450
Azul	0069	7	0	7	1	7	7	100.0	-59.3649	-36.5093
Bahía Blanca	0072	3880	1193	5073	1	2687	2687	53.0	-62.2554	-38.7185
Bahía Blanca	0073	7222	3064	10286	1	4158	4158	40.4	-62.2569	-38.7375
Bahía Blanca	0074	6494	3474	9968	1	3020	3020	30.3	-62.2820	-38.7486
Bahía Blanca	0075	3182	1185	4367	1	1997	1997	45.7	-62.2151	-38.7071
Bahía Blanca	0076	10861	7011	17872	1	3850	3850	21.5	-62.1488	-38.7296
Bahía Blanca	0077	1131	700	1831	1	431	431	23.5	-62.2024	-38.6811
Bahía Blanca	0078	2111	617	2728	1	1494	1494	54.8	-62.2230	-38.7027
Bahía Blanca	0079	2132	933	3065	1	1199	1199	39.1	-62.2394	-38.7100
Bahía Blanca	0080	661	170	831	1	491	491	59.1	-61.9271	-38.5813
Bahía Blanca	0083	5519	1232	6751	1	4287	4287	63.5	-62.2648	-38.7106
Bahía Blanca	0084	4860	1205	6065	1	3655	3655	60.3	-62.2772	-38.7200
Bahía Blanca	0085	9941	3701	13642	1	6240	6240	45.7	-62.1735	-38.5204
Bahía Blanca	0086	8313	3397	11710	1	4916	4916	42.0	-62.3012	-38.7028
Bahía Blanca	0087	4207	3119	7326	1	1088	1088	14.9	-62.3005	-38.7326
Bahía Blanca	0088	1492	1085	2577	1	407	407	15.8	-62.4075	-38.5909
Bahía Blanca	0089	3799	911	4710	1	2888	2888	61.3	-62.2504	-38.7010
Bahía Blanca	0090	8	5	13	1	3	3	23.1	-62.2254	-38.6861
Bahía Blanca	0091	1994	2383	4377	-1	389	-389	8.9	-62.3265	-38.7207
Bahía Blanca	0092	2277	2190	4467	1	87	87	1.9	-62.2560	-38.7778
Bahía Blanca	0093	1064	1027	2091	1	37	37	1.8	-62.2525	-38.7597
Balcarce	0098	12682	6151	18833	1	6531	6531	34.7	-58.2794	-37.8747
Balcarce	0099	203	86	289	1	117	117	40.5	-58.2683	-38.0406
Balcarce	0100	140	30	170	1	110	110	64.7	-57.9892	-37.7461
Balcarce	0101	148	50	198	1	98	98	49.5	-58.4256	-37.9274
Balcarce	0102	50	20	70	1	30	30	42.9	-58.2302	-37.6502
Balcarce	0103	40	5	45	1	35	35	77.8	-58.4057	-37.6085
Balcarce	0103A	130	21	151	1	109	109	72.2	-58.6081	-37.5648
Balcarce	0104	99	32	131	1	67	67	51.1	-58.1684	-37.9318
Baradero	0105	6261	5127	11388	1	1134	1134	10.0	-59.3848	-33.7864
Baradero	0106	100	70	170	1	30	30	17.6	-59.5557	-33.8114
Baradero	0107	448	608	1056	-1	160	-160	15.2	-59.4966	-33.8470
Baradero	0108	30	7	37	1	23	23	62.2	-59.5777	-33.8950
Baradero	0109	12	8	20	1	4	4	20.0	-59.5942	-33.9658
Baradero	0110	177	79	256	1	98	98	38.3	-59.6511	-34.0667
Baradero	0111	70	36	106	1	34	34	32.1	-59.4603	-34.0379
Baradero	0113	251	451	702	-1	200	-200	28.5	-59.3910	-33.8857
Baradero	0114	11	5	16	1	6	6	37.5	-59.4636	-33.9410
Arrecifes	0117	7552	4829	12381	1	2723	2723	22.0	-60.0401	-33.9632
Arrecifes	0117A	38	4	42	1	34	34	81.0	-60.0882	-34.1610
Arrecifes	0117B	50	19	69	1	31	31	44.9	-59.9154	-34.0062
Arrecifes	0118	226	92	318	1	134	134	42.1	-60.1591	-33.9878
Arrecifes	0120	211	80	291	1	131	131	45.0	-60.1578	-33.8742
Capitán Sarmiento	0121	3927	2069	5996	1	1858	1858	31.0	-59.7980	-34.1307
Capitán Sarmiento	0122	85	57	142	1	28	28	19.7	-59.9371	-34.1782
Bolívar	0125	7980	3958	11938	1	4022	4022	33.7	-61.1400	-36.2784
Bolívar	0125A	14	0	14	1	14	14	100.0	-60.9874	-36.4002
Bolívar	0126	12	1	13	1	11	11	84.6	-61.0917	-36.0367
Bolívar	0127	64	55	119	1	9	9	7.6	-60.7650	-36.0048
Bolívar	0128	29	4	33	1	25	25	75.8	-60.9642	-35.9706
Bolívar	0129	10	18	28	-1	8	-8	28.6	-60.9221	-36.1839
Bolívar	0130	2	1	3	1	1	1	33.3	-61.3208	-36.2001
Bolívar	0131	17	2	19	1	15	15	78.9	-61.2612	-36.3767
Bolívar	0131A	23	2	25	1	21	21	84.0	-61.1034	-36.5059
Bolívar	0132	984	296	1280	1	688	688	53.8	-61.4383	-36.4286
Bolívar	0133	451	231	682	1	220	220	32.3	-61.4108	-36.5897
Bragado	0136	9846	7200	17046	1	2646	2646	15.5	-60.5296	-35.1352
Bragado	0137	232	318	550	-1	86	-86	15.6	-60.4191	-35.0995
Bragado	0138	33	31	64	1	2	2	3.1	-60.6050	-35.0291
Bragado	0139	5	6	11	-1	1	-1	9.1	-60.4219	-35.2060
Bragado	0140	181	165	346	1	16	16	4.6	-60.5164	-35.3113
Bragado	0141	53	72	125	-1	19	-19	15.2	-60.6338	-35.2255
Bragado	0142	21	15	36	1	6	6	16.7	-60.7373	-35.1286
Bragado	0143	704	515	1219	1	189	189	15.5	-60.7352	-34.9473
Bragado	0144	176	44	220	1	132	132	60.0	-60.5653	-34.8966
Bragado	0145	186	62	248	1	124	124	50.0	-60.7209	-34.7524
Brandsen	0148	5304	4711	10015	1	593	593	5.9	-58.3067	-35.1882
Brandsen	0149	70	42	112	1	28	28	25.0	-58.1147	-35.2015
Brandsen	0150	628	488	1116	1	140	140	12.5	-58.2509	-35.2805
Brandsen	0151	283	218	501	1	65	65	13.0	-58.1837	-35.0714
Brandsen	0152	72	75	147	-1	3	-3	2.0	-58.1533	-35.3398
Brandsen	0153	103	55	158	1	48	48	30.4	-57.9696	-35.2250
Brandsen	0153A	74	34	108	1	40	40	37.0	-58.0289	-35.2877
Campana	0155	6844	3691	10535	1	3153	3153	29.9	-58.8822	-34.1392
Cañuelas	0157	7709	6243	13952	1	1466	1466	10.5	-58.7657	-35.0730
Cañuelas	0158	990	722	1712	1	268	268	15.7	-58.6499	-35.0073
Cañuelas	0158A	803	2579	3382	-1	1776	-1776	52.5	-58.6366	-34.9284
Cañuelas	0158B	611	1614	2225	-1	1003	-1003	45.1	-58.7186	-34.9468
Cañuelas	0159	306	194	500	1	112	112	22.4	-58.8456	-35.1520
Cañuelas	0160	19	36	55	-1	17	-17	30.9	-58.6917	-35.1808
Cañuelas	0161	4	1	5	1	3	3	60.0	-58.5639	-35.2228
Cañuelas	0162	43	41	84	1	2	2	2.4	-58.6281	-35.3193
Carlos Casares	0164	5567	2377	7944	1	3190	3190	40.2	-61.4226	-35.6983
Carlos Casares	0164A	4	5	9	-1	1	-1	11.1	-61.2048	-35.7109
Carlos Casares	0165	201	60	261	1	141	141	54.0	-61.5954	-35.4853
Carlos Casares	0165A	29	19	48	1	10	10	20.8	-61.5496	-35.5696
Carlos Casares	0165B	142	72	214	1	70	70	32.7	-61.4590	-35.4938
Carlos Casares	0166	55	11	66	1	44	44	66.7	-61.1890	-35.8837
Carlos Casares	0167	147	82	229	1	65	65	28.4	-61.4150	-35.9561
Carlos Casares	0167A	88	26	114	1	62	62	54.4	-61.3256	-35.8130
Carlos Tejedor	0169	1381	916	2297	1	465	465	20.2	-62.4486	-35.4665
Carlos Tejedor	0170	154	112	266	1	42	42	15.8	-62.1675	-35.3819
Carlos Tejedor	0171	124	75	199	1	49	49	24.6	-62.2222	-35.5941
Carlos Tejedor	0171A	1	0	1	1	1	1	100.0	-62.3523	-35.6760
Carlos Tejedor	0172	146	182	328	-1	36	-36	11.0	-62.7642	-35.3597
Carlos Tejedor	0173	785	253	1038	1	532	532	51.3	-62.5677	-35.2044
Carmen de Areco	0175	3847	2215	6062	1	1632	1632	26.9	-59.7782	-34.3510
Carmen de Areco	0176	162	99	261	1	63	63	24.1	-59.9786	-34.3910
Carmen de Areco	0177	56	41	97	1	15	15	15.5	-59.8727	-34.4905
Daireaux	0179	3741	2753	6494	1	988	988	15.2	-61.7290	-36.5823
Daireaux	0180	225	92	317	1	133	133	42.0	-61.5503	-36.7806
Daireaux	0181	61	38	99	1	23	23	23.2	-61.8867	-36.7418
Daireaux	0182	21	13	34	1	8	8	23.5	-62.0925	-36.5137
Daireaux	0183	729	415	1144	1	314	314	27.4	-62.2439	-36.3927
Castelli	0185	2249	876	3125	1	1373	1373	43.9	-57.8593	-36.1173
Castelli	0186	13	2	15	1	11	11	73.3	-57.6267	-35.9890
Castelli	0187	46	17	63	1	29	29	46.0	-57.4256	-35.9947
Chacabuco	0189	11711	8575	20286	1	3136	3136	15.5	-60.4698	-34.6432
Chacabuco	0190	577	150	727	1	427	427	58.7	-60.6393	-34.6394
Chacabuco	0191	23	3	26	1	20	20	76.9	-60.5334	-34.7524
Chacabuco	0192	11	5	16	1	6	6	37.5	-60.4419	-34.8045
Chacabuco	0193	32	18	50	1	14	14	28.0	-60.5731	-34.5141
Chacabuco	0194	34	16	50	1	18	18	36.0	-60.4322	-34.5178
Chacabuco	0195	25	4	29	1	21	21	72.4	-60.3356	-34.7409
Chacabuco	0196	22	15	37	1	7	7	18.9	-60.2509	-34.6569
Chacabuco	0196A	31	19	50	1	12	12	24.0	-60.2171	-34.5081
Chacabuco	0197	830	340	1170	1	490	490	41.9	-60.0518	-34.5880
Chacabuco	0198	255	85	340	1	170	170	50.0	-59.9475	-34.6359
Chascomús	0201	9893	4584	14477	1	5309	5309	36.7	-57.9654	-35.6244
Chascomús	0202	102	83	185	1	19	19	10.3	-57.8507	-35.6790
Chascomús	0203	894	622	1516	1	272	272	17.9	-57.9759	-35.5257
Chascomús	0204	64	14	78	1	50	50	64.1	-58.0393	-35.4359
Chascomús	0205	23	3	26	1	20	20	76.9	-57.8490	-35.4907
Chascomús	0206	32	8	40	1	24	24	60.0	-57.6197	-35.6589
Chascomús	0208	8	4	12	1	4	4	33.3	-58.0810	-35.8125
Chascomús	0209	0	39	39	-1	39	-39	100.0	-58.1688	-35.6456
Chascomús	0209A	5	2	7	1	3	3	42.9	-58.3281	-35.7671
Chivilcoy	0211	11388	7623	19011	1	3765	3765	19.8	-60.0126	-34.9140
Chivilcoy	0212	22	8	30	1	14	14	46.7	-60.1025	-34.9683
Chivilcoy	0213	7	1	8	1	6	6	75.0	-60.1624	-34.9286
Chivilcoy	0214	8	4	12	1	4	4	33.3	-60.2164	-34.8723
Chivilcoy	0215	43	14	57	1	29	29	50.9	-60.1245	-34.7983
Chivilcoy	0216	26	11	37	1	15	15	40.5	-60.0395	-34.7159
Chivilcoy	0217	3	0	3	1	3	3	100.0	-59.9356	-34.7840
Chivilcoy	0218	92	55	147	1	37	37	25.2	-59.8547	-34.8410
Chivilcoy	0219	30	11	41	1	19	19	46.3	-59.9117	-34.9242
Chivilcoy	0220	57	10	67	1	47	47	70.1	-59.8082	-34.9941
Chivilcoy	0221	50	4	54	1	46	46	85.2	-59.7549	-34.9164
Chivilcoy	0222	501	194	695	1	307	307	44.2	-59.6980	-35.0276
Chivilcoy	0223	3	0	3	1	3	3	100.0	-59.8311	-35.1110
Chivilcoy	0224	60	38	98	1	22	22	22.4	-59.9102	-35.0722
Chivilcoy	0225	8	0	8	1	8	8	100.0	-59.9678	-35.0460
Chivilcoy	0226	0	1	1	-1	1	-1	100.0	-60.0670	-35.0389
Colón	0230	5285	5887	11172	-1	602	-602	5.4	-61.0506	-33.8851
Colón	0230A	33	6	39	1	27	27	69.2	-61.1947	-34.0164
Colón	0231	50	47	97	1	3	3	3.1	-60.9240	-33.7124
Colón	0231A	76	43	119	1	33	33	27.7	-60.9478	-33.8888
Coronel Dorrego	0232	3585	1982	5567	1	1603	1603	28.8	-61.3140	-38.7379
Coronel Dorrego	0232A	15	4	19	1	11	11	57.9	-61.3261	-38.5580
Coronel Dorrego	0233	25	4	29	1	21	21	72.4	-61.1963	-38.8576
Coronel Dorrego	0234	91	15	106	1	76	76	71.7	-61.5356	-38.7175
Coronel Dorrego	0235	13	0	13	1	13	13	100.0	-61.0673	-38.4347
Coronel Dorrego	0236	48	7	55	1	41	41	74.5	-60.8129	-38.5687
Coronel Dorrego	0236A	9	1	10	1	8	8	80.0	-60.6894	-38.5805
Coronel Dorrego	0237	254	238	492	1	16	16	3.3	-61.0671	-38.6490
Coronel Dorrego	0237A	24	4	28	1	20	20	71.4	-60.9626	-38.7769
Coronel Dorrego	0238	611	332	943	1	279	279	29.6	-60.7463	-38.8518
Monte Hermoso	0239	1800	995	2795	1	805	805	28.8	-61.2819	-38.9611
Coronel Pringles	0240	6343	4124	10467	1	2219	2219	21.2	-61.3803	-37.9634
Coronel Pringles	0241	3	0	3	1	3	3	100.0	-61.1307	-37.8777
Coronel Pringles	0242	8	1	9	1	7	7	77.8	-61.2017	-38.0787
Coronel Pringles	0243	393	182	575	1	211	211	36.7	-60.8984	-38.1776
Coronel Pringles	0244	7	3	10	1	4	4	40.0	-61.5059	-38.0862
Coronel Pringles	0245	6	1	7	1	5	5	71.4	-61.3022	-38.2520
Coronel Pringles	0246	39	7	46	1	32	32	69.6	-61.6026	-38.3727
Coronel Rosales	0248	6608	1729	8337	1	4879	4879	58.5	-62.0374	-38.8637
Coronel Rosales	0248A	134	74	208	1	60	60	28.8	-61.6135	-38.9468
Coronel Rosales	0248B	50	4	54	1	46	46	85.2	-61.8291	-38.8517
Coronel Rosales	0249	96	40	136	1	56	56	41.2	-61.9078	-38.7334
Coronel Rosales	0249A	596	190	786	1	406	406	51.7	-62.0822	-38.7966
Coronel Suárez	0252	6695	3781	10476	1	2914	2914	27.8	-62.0398	-37.5671
Coronel Suárez	0253	312	373	685	-1	61	-61	8.9	-61.8844	-37.5532
Coronel Suárez	0254	1248	721	1969	1	527	527	26.8	-61.8923	-37.1591
Coronel Suárez	0255	21	0	21	1	21	21	100.0	-61.7342	-37.4816
Coronel Suárez	0255A	10	1	11	1	9	9	81.8	-61.6006	-37.7159
Coronel Suárez	0256	9	3	12	1	6	6	50.0	-61.8299	-37.8587
Coronel Suárez	0256A	79	40	119	1	39	39	32.8	-61.7611	-38.0770
Coronel Suárez	0257	2	0	2	1	2	2	100.0	-62.2979	-37.3519
Coronel Suárez	0258	49	29	78	1	20	20	25.6	-62.1825	-37.2588
Coronel Suárez	0258A	463	390	853	1	73	73	8.6	-61.9091	-37.5106
Coronel Suárez	0258B	273	415	688	-1	142	-142	20.6	-61.9377	-37.4863
Coronel Suárez	0258C	43	29	72	1	14	14	19.4	-62.1267	-37.4078
Lanús	0259	2885	2330	5215	1	555	555	10.6	-58.3774	-34.6952
Lanús	0260	10571	7085	17656	1	3486	3486	19.7	-58.3773	-34.7072
Lanús	0261	8605	8933	17538	-1	328	-328	1.9	-58.3617	-34.7183
Lanús	0262	10030	20383	30413	-1	10353	-10353	34.0	-58.3554	-34.7329
Lanús	0263	5554	4957	10511	1	597	597	5.7	-58.3843	-34.7270
Lanús	0264	2296	1483	3779	1	813	813	21.5	-58.3990	-34.7205
Lanús	0265	6746	6990	13736	-1	244	-244	1.8	-58.4080	-34.7260
Lanús	0271	4285	2738	7023	1	1547	1547	22.0	-58.3927	-34.6846
Lanús	0272	5378	3861	9239	1	1517	1517	16.4	-58.4072	-34.6690
Lanús	0273	12133	18469	30602	-1	6336	-6336	20.7	-58.4255	-34.6815
Lanús	0274	11893	11732	23625	1	161	161	0.7	-58.4187	-34.6977
Lanús	0275	8628	6126	14754	1	2502	2502	17.0	-58.4094	-34.7120
Lanús	0276	11193	5613	16806	1	5580	5580	33.2	-58.3983	-34.6990
Dolores	0282	8267	3972	12239	1	4295	4295	35.1	-57.6648	-36.3144
Dolores	0283	21	8	29	1	13	13	44.8	-57.5173	-36.3646
Dolores	0284	2	0	2	1	2	2	100.0	-57.6298	-36.5733
Dolores	0285	64	57	121	1	7	7	5.8	-57.7946	-36.2608
Esteban Echeverría	0286	499	1430	1929	-1	931	-931	48.3	-58.5050	-34.7435
Esteban Echeverría	0286A	3866	10699	14565	-1	6833	-6833	46.9	-58.4957	-34.7705
Esteban Echeverría	0287	3704	7788	11492	-1	4084	-4084	35.5	-58.4999	-34.8212
Esteban Echeverría	0287A	3450	5748	9198	-1	2298	-2298	25.0	-58.4896	-34.8390
Esteban Echeverría	0287B	1964	792	2756	1	1172	1172	42.5	-58.4850	-34.8908
Esteban Echeverría	0287C	1837	4909	6746	-1	3072	-3072	45.5	-58.4619	-34.8670
Esteban Echeverría	0287D	3472	7422	10894	-1	3950	-3950	36.3	-58.4382	-34.8607
Esteban Echeverría	0288	9359	5306	14665	1	4053	4053	27.6	-58.4633	-34.8235
Esteban Echeverría	0288A	5596	3402	8998	1	2194	2194	24.4	-58.4741	-34.8101
Esteban Echeverría	0288B	4810	8834	13644	-1	4024	-4024	29.5	-58.4902	-34.7970
Ezeiza	0289	11404	12146	23550	-1	742	-742	3.2	-58.5410	-34.8211
Ezeiza	0290	4387	8177	12564	-1	3790	-3790	30.2	-58.5771	-34.9067
Esteban Echeverría	0291	4872	3407	8279	1	1465	1465	17.7	-58.4432	-34.8128
Esteban Echeverría	0291A	4403	6507	10910	-1	2104	-2104	19.3	-58.4587	-34.7926
Exaltación de la Cruz	0292	2619	1635	4254	1	984	984	23.1	-59.0986	-34.2904
Exaltación de la Cruz	0293	2799	2314	5113	1	485	485	9.5	-59.0141	-34.3402
Exaltación de la Cruz	0294	531	492	1023	1	39	39	3.8	-59.0847	-34.3492
Exaltación de la Cruz	0295	1405	860	2265	1	545	545	24.1	-59.1164	-34.3900
Exaltación de la Cruz	0296	120	81	201	1	39	39	19.4	-59.1410	-34.2369
Exaltación de la Cruz	0297	151	160	311	-1	9	-9	2.9	-59.1939	-34.3087
Exaltación de la Cruz	0298	0	0	0	0	0	0	#DIV/0!	-59.2834	-34.2278
Florencio Varela	0302	21853	33963	55816	-1	12110	-12110	21.7	-58.2743	-34.7965
Florencio Varela	0302A	4058	14792	18850	-1	10734	-10734	56.9	-58.3082	-34.8143
Florencio Varela	0302B	3304	9334	12638	-1	6030	-6030	47.7	-58.2892	-34.8375
Florencio Varela	0302C	5863	11579	17442	-1	5716	-5716	32.8	-58.2630	-34.8308
Florencio Varela	0302D	2830	6792	9622	-1	3962	-3962	41.2	-58.2420	-34.8120
Florencio Varela	0302E	6018	15743	21761	-1	9725	-9725	44.7	-58.2225	-34.8279
Florencio Varela	0302F	664	2212	2876	-1	1548	-1548	53.8	-58.2815	-34.9337
Florencio Varela	0303	599	1522	2121	-1	923	-923	43.5	-58.2431	-34.9218
Florencio Varela	0303A	993	3093	4086	-1	2100	-2100	51.4	-58.2548	-34.8632
Florencio Varela	0303B	3645	8925	12570	-1	5280	-5280	42.0	-58.2046	-34.8611
Presidente Perón	0304	2421	5503	7924	-1	3082	-3082	38.9	-58.3968	-34.9159
Presidente Perón	0304A	3585	7876	11461	-1	4291	-4291	37.4	-58.3319	-34.9070
Presidente Perón	0304B	1803	3666	5469	-1	1863	-1863	34.1	-58.4252	-34.9476
Presidente Perón	0304C	350	1504	1854	-1	1154	-1154	62.2	-58.4235	-34.9022
General Alvarado	0305	6149	4542	10691	1	1607	1607	15.0	-57.8958	-38.2560
General Alvarado	0306	1429	1322	2751	1	107	107	3.9	-57.9117	-38.1582
General Alvarado	0307	649	159	808	1	490	490	60.6	-58.1919	-38.1785
General Alvarado	0308	128	119	247	1	9	9	3.6	-58.1377	-38.3339
General Alvarado	0309	17	14	31	1	3	3	9.7	-58.0083	-38.0679
General Alvear	0310	2826	1287	4113	1	1539	1539	37.4	-59.9796	-36.0750
General Alvear	0311	9	4	13	1	5	5	38.5	-60.4524	-36.0916
General Alvear	0312	37	10	47	1	27	27	57.4	-60.1968	-35.9178
General Alvear	0313	4	1	5	1	3	3	60.0	-59.9955	-35.9242
General Arenales	0314	1683	1102	2785	1	581	581	20.9	-61.3381	-34.3920
General Arenales	0314A	7	6	13	1	1	1	7.7	-61.4850	-34.2800
General Arenales	0315	67	34	101	1	33	33	32.7	-61.2771	-34.3046
General Arenales	0316	1886	752	2638	1	1134	1134	43.0	-61.1198	-34.2374
General Arenales	0316A	129	103	232	1	26	26	11.2	-60.9659	-34.2378
General Arenales	0317	817	537	1354	1	280	280	20.7	-61.1701	-34.1440
General Arenales	0318	1093	690	1783	1	403	403	22.6	-61.3520	-34.1471
General Belgrano	0320	5255	2511	7766	1	2744	2744	35.3	-58.5263	-35.7774
General Belgrano	0321	4	1	5	1	3	3	60.0	-58.4261	-35.8739
General Belgrano	0322	34	15	49	1	19	19	38.8	-58.6028	-35.9558
General Belgrano	0323	9	0	9	1	9	9	100.0	-58.7469	-35.8110
General Belgrano	0324	102	43	145	1	59	59	40.7	-58.9541	-35.7062
General Guido	0326	757	179	936	1	578	578	61.8	-57.9096	-36.7035
General Guido	0327	334	165	499	1	169	169	33.9	-58.0961	-36.8995
General Guido	0328	16	1	17	1	15	15	88.2	-58.0054	-36.4854
General Lamadrid	0330	2848	1856	4704	1	992	992	21.1	-61.3131	-37.2069
General Lamadrid	0331	2	1	3	1	1	1	33.3	-61.5453	-37.0684
General Lamadrid	0332	61	80	141	-1	19	-19	13.5	-61.1180	-37.2279
General Lamadrid	0333	1	1	2	0	0	0	0.0	-61.0220	-37.3797
General Lamadrid	0334	182	157	339	1	25	25	7.4	-61.5192	-37.3967
General Lamadrid	0335	141	54	195	1	87	87	44.6	-61.2539	-37.5764
General Lamadrid	0336	16	17	33	-1	1	-1	3.0	-61.4193	-37.7952
La Costa	0337	3501	2489	5990	1	1012	1012	16.9	-56.7351	-36.3549
La Costa	0337A	1191	1036	2227	1	155	155	7.0	-56.7034	-36.5143
La Costa	0337B	4223	3045	7268	1	1178	1178	16.2	-56.7137	-36.8374
General Lavalle	0338	888	409	1297	1	479	479	36.9	-57.1413	-36.6168
General Lavalle	0338A	304	193	497	1	111	111	22.3	-56.8881	-36.7581
General Lavalle	0338B	85	50	135	1	35	35	25.9	-56.8812	-36.4332
Pinamar	0339	3876	1610	5486	1	2266	2266	41.3	-56.8730	-37.1159
General Madariaga	0340	5127	3023	8150	1	2104	2104	25.8	-57.1489	-36.9188
General Madariaga	0341	6	3	9	1	3	3	33.3	-57.3906	-37.1693
General Madariaga	0342	16	7	23	1	9	9	39.1	-57.0212	-37.0967
General Madariaga	0343	30	7	37	1	23	23	62.2	-57.2106	-37.3430
Villa Gesell	0344	6638	5059	11697	1	1579	1579	13.5	-57.0580	-37.3638
General Paz	0345	2439	2260	4699	1	179	179	3.8	-58.3076	-35.5277
General Paz	0346	23	18	41	1	5	5	12.2	-58.3490	-35.4650
General Paz	0347	0	0	0	0	0	0	#DIV/0!	-58.2242	-35.4787
General Paz	0348	266	224	490	1	42	42	8.6	-58.3772	-35.6162
General Paz	0349	27	19	46	1	8	8	17.4	-58.4705	-35.5953
General Paz	0350	24	6	30	1	18	18	60.0	-58.4886	-35.4115
General Paz	0351	307	195	502	1	112	112	22.3	-58.4182	-35.3219
General Paz	0352	72	23	95	1	49	49	51.6	-58.2966	-35.3824
General Pinto	0354	1597	845	2442	1	752	752	30.8	-61.8610	-34.8360
General Pinto	0356	6	1	7	1	5	5	71.4	-61.8017	-34.6995
General Pinto	0357	315	239	554	1	76	76	13.7	-62.0500	-34.5389
General Pinto	0358	24	11	35	1	13	13	37.1	-62.2319	-34.5686
General Pinto	0359	421	112	533	1	309	309	58.0	-62.1021	-34.7849
General Pinto	0360	221	75	296	1	146	146	49.3	-61.9140	-34.4160
F. Ameghino	0361	2309	645	2954	1	1664	1664	56.3	-62.4140	-34.8782
F. Ameghino	0361A	66	2	68	1	64	64	94.1	-62.1944	-34.9691
F. Ameghino	0362	246	75	321	1	171	171	53.3	-62.5274	-34.6610
General Pueyrredón	0364	33080	26153	59233	1	6927	6927	11.7	-57.5735	-38.0382
General Pueyrredón	0365	29045	25208	54253	1	3837	3837	7.1	-57.5964	-37.9644
General Pueyrredón	0366	35015	9632	44647	1	25383	25383	56.9	-57.5449	-38.0199
General Pueyrredón	0366A	19409	9593	29002	1	9816	9816	33.8	-57.5735	-38.0007
General Pueyrredón	0367	24763	8800	33563	1	15963	15963	47.6	-57.5531	-37.9727
General Pueyrredón	0368	3815	4963	8778	-1	1148	-1148	13.1	-57.6580	-37.8834
General Pueyrredón	0369	1110	885	1995	1	225	225	11.3	-57.8472	-37.9034
General Pueyrredón	0370	9083	12408	21491	-1	3325	-3325	15.5	-57.7041	-38.0979
General Rodríguez	0374	15262	18886	34148	-1	3624	-3624	10.6	-58.9867	-34.6512
General San Martín	0376	8137	4476	12613	1	3661	3661	29.0	-58.5404	-34.5794
General San Martín	0377	10964	7128	18092	1	3836	3836	21.2	-58.5468	-34.5473
General San Martín	0377A	11285	13129	24414	-1	1844	-1844	7.6	-58.5778	-34.5211
General San Martín	0378	7030	6239	13269	1	791	791	6.0	-58.5319	-34.5550
General San Martín	0379	6044	4611	10655	1	1433	1433	13.4	-58.5214	-34.5701
General San Martín	0380	3933	2646	6579	1	1287	1287	19.6	-58.5290	-34.5885
General San Martín	0381	10202	11697	21899	-1	1495	-1495	6.8	-58.5808	-34.5400
General San Martín	0382	2476	1107	3583	1	1369	1369	38.2	-58.5483	-34.5675
General San Martín	0383	2517	980	3497	1	1537	1537	44.0	-58.5539	-34.5600
General San Martín	0384	4435	4096	8531	1	339	339	4.0	-58.5574	-34.5858
General San Martín	0388	13071	19466	32537	-1	6395	-6395	19.7	-58.5846	-34.5594
Tres de Febrero	0389	3964	2200	6164	1	1764	1764	28.6	-58.5310	-34.5999
Tres de Febrero	0390	5794	3122	8916	1	2672	2672	30.0	-58.5486	-34.5988
Tres de Febrero	0391	23439	16507	39946	1	6932	6932	17.4	-58.5636	-34.6089
Tres de Febrero	0392	2185	2232	4417	-1	47	-47	1.1	-58.5345	-34.6170
Tres de Febrero	0393	12133	12867	25000	-1	734	-734	2.9	-58.5424	-34.6338
Tres de Febrero	0394	12512	13850	26362	-1	1338	-1338	5.1	-58.6159	-34.5730
Tres de Febrero	0394A	6006	1936	7942	1	4070	4070	51.2	-58.5962	-34.5965
Tres de Febrero	0395	11501	9874	21375	1	1627	1627	7.6	-58.5966	-34.5699
San Miguel	0397	16683	10465	27148	1	6218	6218	22.9	-58.7186	-34.5375
San Miguel	0397A	5502	6813	12315	-1	1311	-1311	10.6	-58.7342	-34.5525
San Miguel	0397B	6508	13922	20430	-1	7414	-7414	36.3	-58.7569	-34.5604
San Miguel	0397C	6486	12227	18713	-1	5741	-5741	30.7	-58.7440	-34.5711
J. C. Paz	0398	14201	21888	36089	-1	7687	-7687	21.3	-58.7758	-34.4973
J. C. Paz	0398A	9263	31482	40745	-1	22219	-22219	54.5	-58.7916	-34.5180
J. C. Paz	0398B	10643	19570	30213	-1	8927	-8927	29.5	-58.7634	-34.5376
Malvinas Argentinas	0399	10732	23276	34008	-1	12544	-12544	36.9	-58.7280	-34.4874
Malvinas Argentinas	0399A	5176	9492	14668	-1	4316	-4316	29.4	-58.6984	-34.4798
Malvinas Argentinas	0399B	5450	8452	13902	-1	3002	-3002	21.6	-58.7511	-34.4753
Malvinas Argentinas	0399C	252	585	837	-1	333	-333	39.8	-58.7055	-34.4553
Malvinas Argentinas	0399D	6395	8936	15331	-1	2541	-2541	16.6	-58.6790	-34.5061
Malvinas Argentinas	0399E	3955	6087	10042	-1	2132	-2132	21.2	-58.6610	-34.5013
Malvinas Argentinas	0399F	14039	14213	28252	-1	174	-174	0.6	-58.7015	-34.5085
San Miguel	0400	8878	4768	13646	1	4110	4110	30.1	-58.7182	-34.5644
San Miguel	0401	508	100	608	1	408	408	67.1	-58.6512	-34.5350
San Miguel	0401A	13447	6100	19547	1	7347	7347	37.6	-58.6817	-34.5634
San Miguel	0402	6845	8189	15034	-1	1344	-1344	8.9	-58.7076	-34.5850
General Viamonte	0404	3976	3349	7325	1	627	627	8.6	-60.9629	-34.9934
General Viamonte	0405	66	58	124	1	8	8	6.5	-61.0732	-35.0733
General Viamonte	0406	92	63	155	1	29	29	18.7	-60.8967	-35.0075
General Viamonte	0407	30	13	43	1	17	17	39.5	-61.1998	-35.0058
General Viamonte	0408	582	344	926	1	238	238	25.7	-61.0599	-34.7912
General Viamonte	0409	157	50	207	1	107	107	51.7	-61.0422	-34.8970
General Viamonte	0410	7	4	11	1	3	3	27.3	-61.2400	-35.1440
General Villegas	0411	5103	2194	7297	1	2909	2909	39.9	-62.9020	-35.1166
General Villegas	0412	16	13	29	1	3	3	10.3	-63.1501	-35.0491
General Villegas	0413	344	141	485	1	203	203	41.9	-63.2923	-35.1369
General Villegas	0414	46	11	57	1	35	35	61.4	-63.3546	-35.3021
General Villegas	0415	518	155	673	1	363	363	53.9	-63.2085	-34.8664
General Villegas	0416	559	263	822	1	296	296	36.0	-62.9480	-34.8585
General Villegas	0417	117	20	137	1	97	97	70.8	-62.7873	-34.7638
General Villegas	0418	332	87	419	1	245	245	58.5	-63.2378	-34.6440
General Villegas	0419	98	37	135	1	61	61	45.2	-63.2038	-34.4618
General Villegas	0420	229	50	279	1	179	179	64.2	-62.9243	-34.4915
General Villegas	0421	67	11	78	1	56	56	71.8	-62.6986	-34.4932
General Villegas	0422	0	0	0	0	0	0	#DIV/0!	-62.4597	-34.5095
Gonzales Chaves	0424	2020	1819	3839	1	201	201	5.2	-60.0360	-38.0039
Gonzales Chaves	0427	408	424	832	-1	16	-16	1.9	-60.5344	-38.0251
Gonzales Chaves	0428	26	60	86	-1	34	-34	39.5	-60.5479	-37.8231
Guamini	0430	883	567	1450	1	316	316	21.8	-62.3929	-37.0254
Guamini	0431	1468	1028	2496	1	440	440	17.6	-62.6587	-36.9098
Guamini	0432	595	357	952	1	238	238	25.0	-62.2671	-36.7857
Guamini	0433	75	20	95	1	55	55	57.9	-62.2442	-37.0611
Guamini	0434	256	217	473	1	39	39	8.2	-62.5299	-36.6548
Juárez	0436	3530	3509	7039	1	21	21	0.3	-59.8044	-37.6785
Juárez	0437	22	8	30	1	14	14	46.7	-60.0136	-37.6397
Juárez	0438	2	3	5	-1	1	-1	20.0	-59.7002	-37.8426
Juárez	0439	654	651	1305	1	3	3	0.2	-59.4764	-37.6789
Juárez	0440	50	51	101	-1	1	-1	1.0	-59.6464	-37.5274
Juárez	0441	56	17	73	1	39	39	53.4	-59.7776	-37.3921
Juárez	0442	8	11	19	-1	3	-3	15.8	-60.2545	-37.4635
Junín	0444	22287	13507	35794	1	8780	8780	24.5	-60.9549	-34.5850
Junín	0445	422	521	943	-1	99	-99	10.5	-60.9244	-34.5323
Junín	0446	392	248	640	1	144	144	22.5	-61.0324	-34.5995
Junín	0447	248	200	448	1	48	48	10.7	-60.8523	-34.6288
Junín	0448	31	9	40	1	22	22	55.0	-60.9431	-34.7133
Junín	0449	22	1	23	1	21	21	91.3	-60.7587	-34.5389
Junín	0450	357	157	514	1	200	200	38.9	-60.8229	-34.7112
Junín	0451	284	211	495	1	73	73	14.7	-60.8375	-34.4659
Junín	0452	188	42	230	1	146	146	63.5	-61.0462	-34.4874
Junín	0453	19	3	22	1	16	16	72.7	-60.9256	-34.4022
Junín	0454	38	20	58	1	18	18	31.0	-61.1500	-34.6673
Junín	0455	9	1	10	1	8	8	80.0	-61.2312	-34.5200
Junín	0456	114	52	166	1	62	62	37.3	-61.0959	-34.3795
La Plata	0460	730	333	1063	1	397	397	37.3	-57.9397	-34.9075
La Plata	0461	610	211	821	1	399	399	48.6	-57.9476	-34.9148
La Plata	0462	699	208	907	1	491	491	54.1	-57.9511	-34.9180
La Plata	0463	454	130	584	1	324	324	55.5	-57.9547	-34.9213
La Plata	0464	867	385	1252	1	482	482	38.5	-57.9588	-34.9250
La Plata	0465	773	281	1054	1	492	492	46.7	-57.9629	-34.9220
La Plata	0466	934	292	1226	1	642	642	52.4	-57.9588	-34.9183
La Plata	0467	848	273	1121	1	575	575	51.3	-57.9552	-34.9150
La Plata	0468	749	351	1100	1	398	398	36.2	-57.9516	-34.9117
La Plata	0469	661	384	1045	1	277	277	26.5	-57.9438	-34.9045
La Plata	0471	616	369	985	1	247	247	25.1	-57.9465	-34.8999
La Plata	0472	430	239	669	1	191	191	28.6	-57.9524	-34.9052
La Plata	0473	1528	648	2176	1	880	880	40.4	-57.9575	-34.9099
La Plata	0474	2064	786	2850	1	1278	1278	44.8	-57.9652	-34.9170
La Plata	0475	6393	2414	8807	1	3979	3979	45.2	-57.9687	-34.9084
La Plata	0476	1193	490	1683	1	703	703	41.8	-57.9595	-34.8999
La Plata	0477	2239	1274	3513	1	965	965	27.5	-57.9536	-34.8946
La Plata	0480	1070	389	1459	1	681	681	46.7	-57.9463	-34.9216
La Plata	0481	1232	497	1729	1	735	735	42.5	-57.9499	-34.9249
La Plata	0482	948	501	1449	1	447	447	30.8	-57.9540	-34.9286
La Plata	0483	1060	442	1502	1	618	618	41.1	-57.9485	-34.9328
La Plata	0484	1034	502	1536	1	532	532	34.6	-57.9443	-34.9290
La Plata	0485	837	469	1306	1	368	368	28.2	-57.9407	-34.9258
La Plata	0486	513	242	755	1	271	271	35.9	-57.9336	-34.9310
La Plata	0487	899	433	1332	1	466	466	35.0	-57.9372	-34.9343
La Plata	0488	1049	536	1585	1	513	513	32.4	-57.9414	-34.9381
Ensenada	0490	2486	2805	5291	-1	319	-319	6.0	-57.9483	-34.8853
Ensenada	0491	5776	9248	15024	-1	3472	-3472	23.1	-57.9878	-34.8448
Ensenada	0491A	1426	3061	4487	-1	1635	-1635	36.4	-57.9851	-34.8102
Ensenada	0492	25	48	73	-1	23	-23	31.5	-57.9026	-34.8397
La Plata	0493	0	0	0	0	0	0	#DIV/0!	-58.2500	-34.1825
La Plata	0495	9565	4168	13733	1	5397	5397	39.3	-57.9564	-34.9407
La Plata	0496	8600	5703	14303	1	2897	2897	20.3	-57.9141	-34.9343
La Plata	0496A	2004	3154	5158	-1	1150	-1150	22.3	-57.8239	-34.9706
La Plata	0496B	2538	2458	4996	1	80	80	1.6	-57.8922	-34.9581
La Plata	0496C	3160	2856	6016	1	304	304	5.1	-57.9084	-34.9632
La Plata	0496D	3628	3095	6723	1	533	533	7.9	-57.9239	-34.9728
La Plata	0496E	793	758	1551	1	35	35	2.3	-57.8630	-34.9976
La Plata	0496F	47	39	86	1	8	8	9.3	-57.8328	-35.0236
La Plata	0497	4954	2276	7230	1	2678	2678	37.0	-57.9723	-34.9498
La Plata	0497A	97	60	157	1	37	37	23.6	-57.9440	-35.0544
La Plata	0497B	2327	1641	3968	1	686	686	17.3	-57.9213	-34.9931
La Plata	0497C	2072	2161	4233	-1	89	-89	2.1	-57.9942	-34.9642
La Plata	0497D	2880	1842	4722	1	1038	1038	22.0	-57.9873	-34.9693
La Plata	0497E	2436	2214	4650	1	222	222	4.8	-57.9152	-35.0234
La Plata	0497F	458	398	856	1	60	60	7.0	-58.0163	-35.0027
La Plata	0498	213	234	447	-1	21	-21	4.7	-58.0238	-35.1056
La Plata	0501	15494	7395	22889	1	8099	8099	35.4	-57.9870	-34.9233
La Plata	0502	13273	8787	22060	1	4486	4486	20.3	-57.9807	-34.8914
La Plata	0503	1367	1082	2449	1	285	285	11.6	-58.0708	-34.9161
La Plata	0503A	1908	1514	3422	1	394	394	11.5	-58.0327	-34.9196
La Plata	0504	10487	6159	16646	1	4328	4328	26.0	-58.0611	-34.8759
La Plata	0504A	8946	4314	13260	1	4632	4632	34.9	-58.0216	-34.8834
La Plata	0505	5059	3334	8393	1	1725	1725	20.6	-58.0857	-34.8536
La Plata	0505A	1940	2420	4360	-1	480	-480	11.0	-58.1144	-34.8879
La Plata	0505B	409	679	1088	-1	270	-270	24.8	-58.1971	-34.9695
La Plata	0508	1945	1809	3754	1	136	136	3.6	-58.0739	-34.9581
La Plata	0509	1037	1201	2238	-1	164	-164	7.3	-58.1063	-35.0266
Berisso	0511	1366	1474	2840	-1	108	-108	3.8	-57.8051	-34.9191
Berisso	0512	5435	5453	10888	-1	18	-18	0.2	-57.8726	-34.8676
Berisso	0513	6677	7550	14227	-1	873	-873	6.1	-57.8826	-34.8823
Berisso	0513A	4415	4525	8940	-1	110	-110	1.2	-57.9045	-34.9143
La Plata	0516	1028	423	1451	1	605	605	41.7	-57.9348	-34.9111
La Plata	0517	1317	607	1924	1	710	710	36.9	-57.9427	-34.9184
La Plata	0518	1034	567	1601	1	467	467	29.2	-57.9371	-34.9225
La Plata	0519	1859	1214	3073	1	645	645	21.0	-57.9292	-34.9153
La Plata	0520	2221	1253	3474	1	968	968	27.9	-57.9221	-34.9205
La Plata	0521	1339	774	2113	1	565	565	26.7	-57.9300	-34.9278
Laprida	0524	2576	2618	5194	-1	42	-42	0.8	-60.7861	-37.5583
Laprida	0525	3	5	8	-1	2	-2	25.0	-60.9044	-37.7135
Laprida	0526	8	2	10	1	6	6	60.0	-60.5776	-37.5674
Laprida	0527	2	1	3	1	1	1	33.3	-60.7104	-37.3768
Laprida	0528	78	74	152	1	4	4	2.6	-60.8420	-37.2125
Tigre	0530	15113	11640	26753	1	3473	3473	13.0	-58.5871	-34.4242
Tigre	0533	938	1202	2140	-1	264	-264	12.3	-58.5677	-34.3508
Tigre	0534	9294	5601	14895	1	3693	3693	24.8	-58.6464	-34.4390
Tigre	0534A	12907	11564	24471	1	1343	1343	5.5	-58.6184	-34.4978
Tigre	0536	6449	8457	14906	-1	2008	-2008	13.5	-58.6858	-34.4024
Tigre	0536A	1665	663	2328	1	1002	1002	43.0	-58.6946	-34.3760
Las Flores	0538	5156	3882	9038	1	1274	1274	14.1	-59.0667	-36.0400
Las Flores	0539	23	12	35	1	11	11	31.4	-59.0422	-36.1430
Las Flores	0540	41	5	46	1	36	36	78.3	-58.8574	-35.9909
Las Flores	0541	17	1	18	1	16	16	88.9	-59.0079	-35.8867
Las Flores	0542	17	4	21	1	13	13	61.9	-59.1722	-35.9335
Las Flores	0543	71	43	114	1	28	28	24.6	-59.3062	-36.2574
Las Flores	0544	7	2	9	1	5	5	55.6	-59.2334	-35.9488
Las Flores	0545	34	11	45	1	23	23	51.1	-59.4362	-35.9326
Las Heras	0547	2627	2694	5321	-1	67	-67	1.3	-58.9414	-34.9611
Las Heras	0548	192	332	524	-1	140	-140	26.7	-58.9865	-34.8312
Las Heras	0548A	84	63	147	1	21	21	14.3	-59.0717	-34.7770
Las Heras	0548B	16	23	39	-1	7	-7	17.9	-59.0943	-34.8557
Leandro N. Alem	0549	2505	2201	4706	1	304	304	6.5	-61.5055	-34.4693
Leandro N. Alem	0550	10	47	57	-1	37	-37	64.9	-61.5387	-34.3692
Leandro N. Alem	0551	648	537	1185	1	111	111	9.4	-61.3969	-34.5400
Leandro N. Alem	0552	940	1024	1964	-1	84	-84	4.3	-61.7621	-34.5006
Leandro N. Alem	0553	107	101	208	1	6	6	2.9	-61.5855	-34.5918
Lincoln	0554	7750	4627	12377	1	3123	3123	25.2	-61.5283	-34.8681
Lincoln	0555	24	18	42	1	6	6	14.3	-61.5334	-34.9301
Lincoln	0556	42	6	48	1	36	36	75.0	-61.6383	-34.7741
Lincoln	0557	34	13	47	1	21	21	44.7	-61.4450	-34.8701
Lincoln	0558	20	12	32	1	8	8	25.0	-61.5225	-34.8062
Lincoln	0559	190	116	306	1	74	74	24.2	-61.3229	-34.9077
Lincoln	0560	18	14	32	1	4	4	12.5	-61.3636	-34.7221
Lincoln	0561	416	346	762	1	70	70	9.2	-61.7292	-34.9721
Lincoln	0562	998	496	1494	1	502	502	33.6	-61.9628	-35.1301
Lincoln	0563	587	295	882	1	292	292	33.1	-61.5014	-35.1542
Lincoln	0564	348	228	576	1	120	120	20.8	-61.6628	-35.2871
Lincoln	0565	62	36	98	1	26	26	26.5	-61.8247	-35.4342
Lincoln	0566	797	255	1052	1	542	542	51.5	-62.1496	-35.1745
Lincoln	0567	0	8	8	-1	8	-8	100.0	-61.5173	-34.6701
Lincoln	0567A	192	64	256	1	128	128	50.0	-61.8218	-35.3229
Loberia	0568	3960	2643	6603	1	1317	1317	19.9	-58.8160	-38.1555
Loberia	0568A	101	107	208	-1	6	-6	2.9	-58.7464	-38.2070
Loberia	0569	0	0	0	0	0	0	#DIV/0!	-58.8821	-38.0326
Loberia	0569A	6	1	7	1	5	5	71.4	-58.6581	-38.1201
Loberia	0570	0	0	0	0	0	0	#DIV/0!	-58.5672	-38.3973
Loberia	0571	2	1	3	1	1	1	33.3	-58.4623	-38.1474
Loberia	0572	658	272	930	1	386	386	41.5	-58.8377	-37.7965
Lobos	0574	8585	4602	13187	1	3983	3983	30.2	-59.0941	-35.1857
Lobos	0575	1228	1060	2288	1	168	168	7.3	-59.1029	-35.1698
Lobos	0576	127	71	198	1	56	56	28.3	-59.1459	-35.1039
Lobos	0576A	42	7	49	1	35	35	71.4	-59.2398	-35.1692
Lobos	0577	306	86	392	1	220	220	56.1	-59.4134	-35.2440
Lobos	0578	438	95	533	1	343	343	64.4	-59.2437	-35.2818
Lobos	0579	193	76	269	1	117	117	43.5	-59.1028	-35.3190
Lobos	0580	88	38	126	1	50	50	39.7	-58.9274	-35.2534
Lobos	0581	126	42	168	1	84	84	50.0	-59.0222	-35.0928
Lomas de Zamora	0583	20916	69362	90278	-1	48446	-48446	53.7	-58.4525	-34.7282
Lomas de Zamora	0584	7331	3488	10819	1	3843	3843	35.5	-58.4062	-34.7419
Lomas de Zamora	0585	4104	1775	5879	1	2329	2329	39.6	-58.3885	-34.7444
Lomas de Zamora	0586	6124	2699	8823	1	3425	3425	38.8	-58.4077	-34.7540
Lomas de Zamora	0587	19506	28035	47541	-1	8529	-8529	17.9	-58.4307	-34.7617
Lomas de Zamora	0588	4140	2028	6168	1	2112	2112	34.2	-58.3883	-34.7574
Lomas de Zamora	0589	5410	4622	10032	1	788	788	7.9	-58.3689	-34.7468
Lomas de Zamora	0590	12134	7447	19581	1	4687	4687	23.9	-58.3820	-34.7729
Lomas de Zamora	0590A	8696	14254	22950	-1	5558	-5558	24.2	-58.3558	-34.7559
Lomas de Zamora	0591	5878	2468	8346	1	3410	3410	40.9	-58.4059	-34.7801
Lomas de Zamora	0592	2508	1313	3821	1	1195	1195	31.3	-58.4075	-34.7912
Lomas de Zamora	0593	5383	6038	11421	-1	655	-655	5.7	-58.4381	-34.7879
Luján	0596	20073	13201	33274	1	6872	6872	20.7	-59.1143	-34.5695
Luján	0597	147	30	177	1	117	117	66.1	-59.0262	-34.5441
Luján	0598	1317	1014	2331	1	303	303	13.0	-59.1329	-34.6355
Luján	0599	1713	1782	3495	-1	69	-69	2.0	-59.2130	-34.5583
Luján	0600	500	363	863	1	137	137	15.9	-59.1439	-34.4609
Luján	0601	217	184	401	1	33	33	8.2	-59.2423	-34.4914
Luján	0602	797	663	1460	1	134	134	9.2	-59.0620	-34.4823
Luján	0603	302	538	840	-1	236	-236	28.1	-59.1936	-34.6980
Magdalena	0604	941	528	1469	1	413	413	28.1	-57.7260	-35.0590
Magdalena	0605	209	169	378	1	40	40	10.6	-57.5590	-35.0527
Magdalena	0606	3185	1999	5184	1	1186	1186	22.9	-57.4579	-35.1519
Magdalena	0607	27	23	50	1	4	4	8.0	-57.6309	-35.1235
Magdalena	0608	42	13	55	1	29	29	52.7	-57.6775	-35.1946
Magdalena	0609	116	47	163	1	69	69	42.3	-57.5644	-35.2589
Magdalena	0610	7	0	7	1	7	7	100.0	-57.8318	-35.2846
Punta Indio	0611	25	12	37	1	13	13	35.1	-57.6409	-35.4017
Punta Indio	0612	82	52	134	1	30	30	22.4	-57.4771	-35.3477
Punta Indio	0613	2587	1742	4329	1	845	845	19.5	-57.3436	-35.4037
Punta Indio	0613A	382	257	639	1	125	125	19.6	-57.2880	-35.5591
Punta Indio	0613B	180	229	409	-1	49	-49	12.0	-57.2727	-35.2704
Maipú	0615	3113	1564	4677	1	1549	1549	33.1	-57.8113	-36.8816
Maipú	0616	153	60	213	1	93	93	43.7	-57.7187	-37.0317
Maipú	0617	43	9	52	1	34	34	65.4	-57.5436	-36.7288
Maipú	0617A	3	3	6	0	0	0	0.0	-57.4289	-36.8711
Mar Chiquita	0619	2388	1657	4045	1	731	731	18.1	-57.7362	-37.4323
Mar Chiquita	0620	1111	524	1635	1	587	587	35.9	-57.8630	-37.3308
Mar Chiquita	0621	28	4	32	1	24	24	75.0	-57.5145	-37.4924
Mar Chiquita	0621A	7	1	8	1	6	6	75.0	-57.3221	-37.5617
Mar Chiquita	0622	395	300	695	1	95	95	13.7	-57.6363	-37.6864
Mar Chiquita	0622A	2294	2283	4577	1	11	11	0.2	-57.5127	-37.8407
Mar Chiquita	0622B	511	332	843	1	179	179	21.2	-57.4388	-37.6802
Marcos Paz	0624	7832	12869	20701	-1	5037	-5037	24.3	-58.8732	-34.7798
Marcos Paz	0624A	51	95	146	-1	44	-44	30.1	-58.7876	-34.8927
La Matanza	0626	16061	11748	27809	1	4313	4313	15.5	-58.5745	-34.6705
La Matanza	0626A	9072	10902	19974	-1	1830	-1830	9.2	-58.5844	-34.6926
La Matanza	0627	3914	3453	7367	1	461	461	6.3	-58.5382	-34.6676
La Matanza	0628	20389	8233	28622	1	12156	12156	42.5	-58.5623	-34.6550
La Matanza	0629	4931	10851	15782	-1	5920	-5920	37.5	-58.6018	-34.6809
La Matanza	0629A	8233	20966	29199	-1	12733	-12733	43.6	-58.6079	-34.7018
La Matanza	0629B	5118	16208	21326	-1	11090	-11090	52.0	-58.5651	-34.7341
La Matanza	0630	11830	6837	18667	1	4993	4993	26.7	-58.5456	-34.6498
La Matanza	0631	7716	8393	16109	-1	677	-677	4.2	-58.5278	-34.6840
La Matanza	0631A	6501	15088	21589	-1	8587	-8587	39.8	-58.5544	-34.7108
La Matanza	0631B	1704	1026	2730	1	678	678	24.8	-58.5268	-34.7327
La Matanza	0632	3166	2826	5992	1	340	340	5.7	-58.5233	-34.7048
La Matanza	0633	13617	13485	27102	1	132	132	0.5	-58.4899	-34.7031
La Matanza	0634	7383	7867	15250	-1	484	-484	3.2	-58.5144	-34.6758
La Matanza	0635	10011	38162	48173	-1	28151	-28151	58.4	-58.6218	-34.7240
La Matanza	0635A	11104	39608	50712	-1	28504	-28504	56.2	-58.6503	-34.7631
La Matanza	0635B	13596	44188	57784	-1	30592	-30592	52.9	-58.5858	-34.7513
La Matanza	0635C	5545	24830	30375	-1	19285	-19285	63.5	-58.6076	-34.7846
La Matanza	0635D	3750	16741	20491	-1	12991	-12991	63.4	-58.6995	-34.8323
La Matanza	0635E	3841	20598	24439	-1	16757	-16757	68.6	-58.6477	-34.8562
Mercedes	0638	9987	3979	13966	1	6008	6008	43.0	-59.4302	-34.6497
Mercedes	0639	1169	1657	2826	-1	488	-488	17.3	-59.4521	-34.6485
Mercedes	0640	2677	1863	4540	1	814	814	17.9	-59.4573	-34.6731
Mercedes	0641	772	460	1232	1	312	312	25.3	-59.4122	-34.6838
Mercedes	0642	2365	1912	4277	1	453	453	10.6	-59.4036	-34.6430
Mercedes	0643	370	551	921	-1	181	-181	19.7	-59.3080	-34.6638
Mercedes	0644	271	147	418	1	124	124	29.7	-59.3311	-34.7808
Mercedes	0645	0	41	41	-1	41	-41	100.0	-59.4771	-34.7515
Mercedes	0646	99	48	147	1	51	51	34.7	-59.5587	-34.6321
Mercedes	0647	49	37	86	1	12	12	14.0	-59.3930	-34.5860
Mercedes	0648	0	0	0	0	0	0	#DIV/0!	-59.3328	-34.5716
Merlo	0652	14032	16447	30479	-1	2415	-2415	7.9	-58.7253	-34.6608
Merlo	0652A	18735	50218	68953	-1	31483	-31483	45.7	-58.7485	-34.6891
Merlo	0653	8389	24793	33182	-1	16404	-16404	49.4	-58.6732	-34.7105
Merlo	0654	3708	12334	16042	-1	8626	-8626	53.8	-58.7130	-34.7491
Merlo	0655	13021	14353	27374	-1	1332	-1332	4.9	-58.6976	-34.6805
Merlo	0655A	5976	18788	24764	-1	12812	-12812	51.7	-58.7926	-34.7164
Monte	0656	5353	3208	8561	1	2145	2145	25.1	-58.8369	-35.4221
Monte	0657	122	46	168	1	76	76	45.2	-58.8958	-35.5500
Monte	0658	43	34	77	1	9	9	11.7	-58.9689	-35.3942
Monte	0659	23	5	28	1	18	18	64.3	-58.6262	-35.4453
Monte	0660	93	26	119	1	67	67	56.3	-58.6953	-35.5196
Monte	0661	180	148	328	1	32	32	9.8	-58.7816	-35.3161
Monte	0662	4	4	8	0	0	0	0.0	-58.6451	-35.6724
Moreno	0663	11208	9698	20906	1	1510	1510	7.2	-58.7915	-34.6508
Moreno	0663A	10530	14133	24663	-1	3603	-3603	14.6	-58.7539	-34.6393
Moreno	0663B	7983	19190	27173	-1	11207	-11207	41.2	-58.7894	-34.6169
Moreno	0663C	10732	28389	39121	-1	17657	-17657	45.1	-58.7571	-34.5962
Moreno	0663D	2997	11482	14479	-1	8485	-8485	58.6	-58.8152	-34.5598
Moreno	0664	4851	6599	11450	-1	1748	-1748	15.3	-58.8591	-34.6088
Moreno	0664A	4560	9016	13576	-1	4456	-4456	32.8	-58.8230	-34.6202
Moreno	0664B	2895	7198	10093	-1	4303	-4303	42.6	-58.8399	-34.6658
Morón	0665	25626	25652	51278	-1	26	-26	0.1	-58.6210	-34.6713
Ituzaingo	0666	13504	16421	29925	-1	2917	-2917	9.7	-58.6949	-34.6398
Ituzaingo	0666A	7239	8261	15500	-1	1022	-1022	6.6	-58.6925	-34.6173
Ituzaingo	0667	16395	12024	28419	1	4371	4371	15.4	-58.6743	-34.6596
Hurlingham	0668	16529	11966	28495	1	4563	4563	16.0	-58.6372	-34.6068
Hurlingham	0668A	7876	13016	20892	-1	5140	-5140	24.6	-58.6639	-34.5908
Morón	0669	12999	6001	19000	1	6998	6998	36.8	-58.5958	-34.6444
Morón	0670	4887	1957	6844	1	2930	2930	42.8	-58.5702	-34.6342
Morón	0671	14121	9680	23801	1	4441	4441	18.7	-58.6009	-34.6182
Morón	0672	12845	6325	19170	1	6520	6520	34.0	-58.6373	-34.6432
Morón	0673	11073	10354	21427	1	719	719	3.4	-58.6478	-34.6734
Navarro	0675	4288	2779	7067	1	1509	1509	21.4	-59.2717	-34.9978
Navarro	0676	196	147	343	1	49	49	14.3	-59.1844	-34.9627
Navarro	0677	17	37	54	-1	20	-20	37.0	-59.2642	-34.8772
Navarro	0678	82	34	116	1	48	48	41.4	-59.2972	-35.0332
Navarro	0679	37	10	47	1	27	27	57.4	-59.3999	-34.9231
Navarro	0680	74	17	91	1	57	57	62.6	-59.3810	-35.1024
Navarro	0681	168	178	346	-1	10	-10	2.9	-59.5242	-35.0562
Navarro	0681A	0	0	0	0	0	0	#DIV/0!	-59.5411	-34.9620
Navarro	0682	32	15	47	1	17	17	36.2	-59.4954	-35.1709
Navarro	0683	143	75	218	1	68	68	31.2	-59.6842	-35.1440
Necochea	0686	22327	9283	31610	1	13044	13044	41.3	-59.0079	-38.5265
Necochea	0686A	3802	2868	6670	1	934	934	14.0	-58.6881	-38.5428
Necochea	0687	716	382	1098	1	334	334	30.4	-59.1255	-38.3303
Necochea	0688	188	101	289	1	87	87	30.1	-59.3058	-38.6072
Necochea	0689	2	2	4	0	0	0	0.0	-59.2795	-38.2086
Necochea	0691	824	376	1200	1	448	448	37.3	-59.3594	-37.9843
Necochea	0691A	0	0	0	0	0	0	#DIV/0!	-59.0702	-38.1626
Necochea	0692	189	88	277	1	101	101	36.5	-59.2599	-37.7827
Nueve de Julio	0696	11812	5815	17627	1	5997	5997	34.0	-60.9123	-35.4590
Nueve de Julio	0697	64	15	79	1	49	49	62.0	-60.7487	-35.3578
Nueve de Julio	0698	153	214	367	-1	61	-61	16.6	-60.6574	-35.4636
Nueve de Julio	0699	265	206	471	1	59	59	12.5	-61.0768	-35.5757
Nueve de Julio	0700	154	76	230	1	78	78	33.9	-61.2358	-35.4267
Nueve de Julio	0701	195	129	324	1	66	66	20.4	-60.8562	-35.2384
Nueve de Julio	0701A	11	1	12	1	10	10	83.3	-61.0770	-35.2612
Nueve de Julio	0703	651	340	991	1	311	311	31.4	-61.3427	-35.3221
Nueve de Julio	0704	0	8	8	-1	8	-8	100.0	-60.9804	-35.3461
Nueve de Julio	0705	24	8	32	1	16	16	50.0	-60.8024	-35.5778
Nueve de Julio	0705A	135	77	212	1	58	58	27.4	-60.8314	-35.4993
Nueve de Julio	0706	846	462	1308	1	384	384	29.4	-60.7123	-35.6324
Nueve de Julio	0707	144	48	192	1	96	96	50.0	-60.5513	-35.4816
Nueve de Julio	0708	28	8	36	1	20	20	55.6	-60.9332	-35.7876
Nueve de Julio	0709	99	24	123	1	75	75	61.0	-60.9329	-35.6044
Olavarría	0711	4886	1741	6627	1	3145	3145	47.5	-60.3320	-36.9038
Olavarría	0711A	2498	1298	3796	1	1200	1200	31.6	-60.2912	-36.8718
Olavarría	0711B	2326	1971	4297	1	355	355	8.3	-60.3426	-36.8960
Olavarría	0711C	3258	3085	6343	1	173	173	2.7	-60.3142	-36.8745
Olavarría	0711D	4863	4421	9284	1	442	442	4.8	-60.3177	-36.9177
Olavarría	0711E	3476	3620	7096	-1	144	-144	2.0	-60.2902	-36.8956
Olavarría	0712	39	39	78	0	0	0	0.0	-60.4318	-36.8730
Olavarría	0713	3	0	3	1	3	3	100.0	-60.2917	-36.7299
Olavarría	0714	225	285	510	-1	60	-60	11.8	-60.2706	-36.9225
Olavarría	0715	937	751	1688	1	186	186	11.0	-60.1753	-36.8716
Olavarría	0716	538	348	886	1	190	190	21.4	-60.1830	-36.8012
Olavarría	0717	791	882	1673	-1	91	-91	5.4	-60.1339	-36.9098
Olavarría	0718	76	186	262	-1	110	-110	42.0	-60.0960	-36.9410
Olavarría	0718A	10	12	22	-1	2	-2	9.1	-60.0758	-36.8458
Olavarría	0719	866	665	1531	1	201	201	13.1	-60.2299	-37.0657
Olavarría	0719A	9	7	16	1	2	2	12.5	-60.1696	-36.9821
Olavarría	0720	0	0	0	0	0	0	#DIV/0!	-60.3885	-37.2187
Olavarría	0721	12	1	13	1	11	11	84.6	-60.6024	-37.0151
Olavarría	0722	0	0	0	0	0	0	#DIV/0!	-60.9145	-37.0733
Olavarría	0723	59	35	94	1	24	24	25.5	-61.0324	-36.6853
Olavarría	0723A	23	9	32	1	14	14	43.8	-60.8792	-36.5283
Olavarría	0724	0	2	2	-1	2	-2	100.0	-61.0548	-36.8788
Olavarría	0725	143	49	192	1	94	94	49.0	-60.6663	-36.5304
Olavarría	0726	1	1	2	0	0	0	0.0	-60.5363	-36.6917
Patagones	0729	3681	5037	8718	-1	1356	-1356	15.6	-62.9993	-40.4907
Patagones	0730	27	27	54	0	0	0	0.0	-62.5486	-40.7586
Patagones	0731	673	367	1040	1	306	306	29.4	-62.9776	-40.0496
Patagones	0731A	209	106	315	1	103	103	32.7	-62.5151	-40.3718
Patagones	0732	1396	675	2071	1	721	721	34.8	-62.4073	-40.0052
Patagones	0733	332	163	495	1	169	169	34.1	-62.9558	-39.6434
Pehuajó	0734	8035	7276	15311	1	759	759	5.0	-61.9063	-35.7870
Pehuajó	0734A	39	36	75	1	3	3	4.0	-61.7863	-35.7758
Pehuajó	0735	0	0	0	0	0	0	#DIV/0!	-61.7579	-35.9630
Pehuajó	0736	92	38	130	1	54	54	41.5	-61.6137	-36.0520
Pehuajó	0738	418	306	724	1	112	112	15.5	-62.0481	-35.9651
Pehuajó	0738A	5	3	8	1	2	2	25.0	-62.0107	-35.6378
Pehuajó	0739	688	368	1056	1	320	320	30.3	-62.2378	-35.8668
Pehuajó	0740	96	69	165	1	27	27	16.4	-61.6893	-35.6700
Pehuajó	0741	566	315	881	1	251	251	28.5	-62.0130	-36.2128
Hipólito Yrigoyen	0742	2537	1206	3743	1	1331	1331	35.6	-61.7683	-36.3320
Hipólito Yrigoyen	0742A	10	0	10	1	10	10	100.0	-61.5693	-36.2068
Hipólito Yrigoyen	0742B	27	8	35	1	19	19	54.3	-61.4360	-36.1020
Pellegrini	0743	1920	582	2502	1	1338	1338	53.5	-63.2259	-36.2721
Tres Lomas	0744	1665	1701	3366	-1	36	-36	1.1	-62.9292	-36.4149
Tres Lomas	0745	40	41	81	-1	1	-1	1.2	-62.8073	-36.5705
Salliqueló	0746	2460	1226	3686	1	1234	1234	33.5	-62.9712	-36.7370
Salliqueló	0746A	220	127	347	1	93	93	26.8	-63.1281	-36.6086
Pergamino	0747	53	29	82	1	24	24	29.3	-60.6169	-33.8876
Pergamino	0747A	112	41	153	1	71	71	46.4	-60.4750	-33.8322
Pergamino	0748	7666	1852	9518	1	5814	5814	61.1	-60.5578	-33.8552
Pergamino	0749	385	199	584	1	186	186	31.8	-60.6388	-33.7797
Pergamino	0750	19	3	22	1	16	16	72.7	-60.6184	-34.0017
Pergamino	0751	614	196	810	1	418	418	51.6	-60.4467	-33.7597
Pergamino	0752	71	25	96	1	46	46	47.9	-60.5474	-33.6883
Pergamino	0753	423	210	633	1	213	213	33.6	-60.7399	-33.6415
Pergamino	0753A	2	5	7	-1	3	-3	42.9	-60.8183	-33.7706
Pergamino	0754	179	78	257	1	101	101	39.3	-60.7081	-33.9638
Pergamino	0754A	448	110	558	1	338	338	60.6	-60.8229	-33.8879
Pergamino	0755	313	107	420	1	206	206	49.0	-60.4796	-34.0561
Pergamino	0756	384	142	526	1	242	242	46.0	-60.3512	-33.9384
Pergamino	0757	7	0	7	1	7	7	100.0	-60.3101	-33.7616
Pergamino	0758	304	100	404	1	204	204	50.5	-60.2187	-33.7663
Pergamino	0759	286	172	458	1	114	114	24.9	-60.4066	-33.6740
Pila	0765	849	790	1639	1	59	59	3.6	-58.2555	-36.0499
Pila	0765A	5	2	7	1	3	3	42.9	-58.2454	-36.3567
Pila	0766	79	16	95	1	63	63	66.3	-58.6067	-36.2200
Pilar	0768	17028	16458	33486	1	570	570	1.7	-58.9325	-34.4757
Pilar	0769	2659	1992	4651	1	667	667	14.3	-58.9896	-34.4229
Pilar	0770	8166	13565	21731	-1	5399	-5399	24.8	-58.8682	-34.5148
Pilar	0770A	3835	2394	6229	1	1441	1441	23.1	-58.8308	-34.4529
Pilar	0771	16259	18917	35176	-1	2658	-2658	7.6	-58.7841	-34.4410
Pilar	0772	7448	7783	15231	-1	335	-335	2.2	-58.8800	-34.3893
Escobar	0773	5133	5425	10558	-1	292	-292	2.8	-58.8394	-34.3483
Escobar	0773A	10886	15589	26475	-1	4703	-4703	17.8	-58.7394	-34.4202
Escobar	0773B	2813	7541	10354	-1	4728	-4728	45.7	-58.7692	-34.4024
Escobar	0774	14676	10208	24884	1	4468	4468	18.0	-58.7792	-34.3224
Escobar	0775	4932	3880	8812	1	1052	1052	11.9	-58.7248	-34.3708
Escobar	0775A	10	10	20	0	0	0	0.0	-58.7182	-34.2800
Puan	0776	1480	602	2082	1	878	878	42.2	-62.8189	-37.5636
Puan	0777	403	103	506	1	300	300	59.3	-63.0554	-37.7555
Puan	0777A	67	19	86	1	48	48	55.8	-62.9759	-37.6913
Puan	0778	2275	529	2804	1	1746	1746	62.3	-63.2091	-37.8800
Puan	0779	257	24	281	1	233	233	82.9	-62.8790	-38.0692
Puan	0780	743	176	919	1	567	567	61.7	-63.2204	-38.1412
Puan	0781	74	17	91	1	57	57	62.6	-63.1366	-38.4351
Puan	0782	322	55	377	1	267	267	70.8	-62.8063	-37.9637
Quilmes	0783	7774	2977	10751	1	4797	4797	44.6	-58.2566	-34.7186
Quilmes	0783A	2077	4851	6928	-1	2774	-2774	40.0	-58.2345	-34.7142
Quilmes	0784	8446	4377	12823	1	4069	4069	31.7	-58.2415	-34.7310
Quilmes	0785	13126	7207	20333	1	5919	5919	29.1	-58.2667	-34.7321
Quilmes	0785A	6282	5036	11318	1	1246	1246	11.0	-58.2842	-34.7389
Quilmes	0785B	11057	11490	22547	-1	433	-433	1.9	-58.2949	-34.7500
Quilmes	0786	4589	5525	10114	-1	936	-936	9.3	-58.2902	-34.6971
Quilmes	0786A	3752	4489	8241	-1	737	-737	8.9	-58.3088	-34.7221
Quilmes	0787	4289	2609	6898	1	1680	1680	24.4	-58.2683	-34.7003
Quilmes	0787A	9518	4401	13919	1	5117	5117	36.8	-58.2896	-34.7167
Quilmes	0788	3887	12494	16381	-1	8607	-8607	52.5	-58.3271	-34.7337
Quilmes	0788A	8338	18188	26526	-1	9850	-9850	37.1	-58.3097	-34.7781
Quilmes	0788B	5374	9145	14519	-1	3771	-3771	26.0	-58.2961	-34.7682
Quilmes	0788C	3503	13649	17152	-1	10146	-10146	59.2	-58.3220	-34.7538
Berazategui	0789	5610	11283	16893	-1	5673	-5673	33.6	-58.2475	-34.7731
Berazategui	0789A	4950	9576	14526	-1	4626	-4626	31.8	-58.2357	-34.7877
Berazategui	0789B	3219	4571	7790	-1	1352	-1352	17.4	-58.2213	-34.7679
Berazategui	0789C	5213	4387	9600	1	826	826	8.6	-58.2028	-34.7508
Berazategui	0789D	2802	6695	9497	-1	3893	-3893	41.0	-58.1816	-34.7581
Berazategui	0789E	3710	4498	8208	-1	788	-788	9.6	-58.2004	-34.7749
Berazategui	0790	4994	5789	10783	-1	795	-795	7.4	-58.2016	-34.7932
Berazategui	0790A	1951	3189	5140	-1	1238	-1238	24.1	-58.2187	-34.8018
Quilmes	0791	5990	4754	10744	1	1236	1236	11.5	-58.2191	-34.7394
Quilmes	0791A	5168	8497	13665	-1	3329	-3329	24.4	-58.2498	-34.7527
Quilmes	0791B	6703	7400	14103	-1	697	-697	4.9	-58.2664	-34.7609
Berazategui	0792	4683	6704	11387	-1	2021	-2021	17.7	-58.0994	-34.8004
Berazategui	0792A	2419	3617	6036	-1	1198	-1198	19.8	-58.1562	-34.8505
Berazategui	0792B	1326	2551	3877	-1	1225	-1225	31.6	-58.1958	-34.9069
Berazategui	0792C	2461	5710	8171	-1	3249	-3249	39.8	-58.1659	-34.8076
Berazategui	0792D	2700	5387	8087	-1	2687	-2687	33.2	-58.1596	-34.7695
Ramallo	0797	2625	2306	4931	1	319	319	6.5	-60.0178	-33.4922
Ramallo	0798	3153	1938	5091	1	1215	1215	23.9	-60.1601	-33.5320
Ramallo	0800	233	496	729	-1	263	-263	36.1	-60.1424	-33.4249
Ramallo	0801	26	10	36	1	16	16	44.4	-60.1124	-33.5622
Ramallo	0802	8	3	11	1	5	5	45.5	-60.2095	-33.6150
Ramallo	0803	1198	878	2076	1	320	320	15.4	-60.1032	-33.7195
Ramallo	0804	200	105	305	1	95	95	31.1	-59.9724	-33.5995
Rauch	0806	4266	3557	7823	1	709	709	9.1	-59.0622	-36.8044
Rauch	0807	11	4	15	1	7	7	46.7	-58.8982	-36.7160
Rauch	0808	14	4	18	1	10	10	55.6	-58.7073	-36.4676
Rauch	0809	0	1	1	-1	1	-1	100.0	-58.7512	-36.6106
Rauch	0810	8	7	15	1	1	1	6.7	-58.9897	-36.3207
Rauch	0811	33	21	54	1	12	12	22.2	-59.0261	-36.4788
Rauch	0812	8	4	12	1	4	4	33.3	-59.1867	-36.7468
Rauch	0813	70	17	87	1	53	53	60.9	-59.0601	-36.9256
Rivadavia	0815	3325	1501	4826	1	1824	1824	37.8	-62.9870	-35.4732
Rivadavia	0816	168	44	212	1	124	124	58.5	-63.1966	-35.3238
Rivadavia	0817	374	186	560	1	188	188	33.6	-63.3010	-35.5587
Rivadavia	0818	10	3	13	1	7	7	53.8	-63.1582	-35.4922
Rivadavia	0819	91	25	116	1	66	66	56.9	-63.1922	-35.8070
Rivadavia	0820	442	153	595	1	289	289	48.6	-62.9265	-35.6793
Rivadavia	0821	3	2	5	1	1	1	20.0	-62.7888	-35.5363
Rojas	0823	5573	3173	8746	1	2400	2400	27.4	-60.7601	-34.1641
Rojas	0824	16	17	33	-1	1	-1	3.0	-60.6945	-34.0984
Rojas	0825	58	6	64	1	52	52	81.3	-60.5999	-34.2283
Rojas	0826	77	19	96	1	58	58	60.4	-60.6462	-34.3935
Rojas	0827	321	141	462	1	180	180	39.0	-60.7713	-34.3428
Rojas	0828	21	8	29	1	13	13	44.8	-60.8889	-34.2712
Rojas	0829	9	3	12	1	6	6	50.0	-60.9746	-34.1220
Rojas	0830	521	150	671	1	371	371	55.3	-60.8783	-34.0118
Roque Pérez	0832	3287	1942	5229	1	1345	1345	25.7	-59.3473	-35.4697
Roque Pérez	0833	91	23	114	1	68	68	59.6	-59.6287	-35.4127
Roque Pérez	0834	107	50	157	1	57	57	36.3	-59.4432	-35.3627
Roque Pérez	0835	72	20	92	1	52	52	56.5	-59.2390	-35.4447
Roque Pérez	0836	82	101	183	-1	19	-19	10.4	-59.1053	-35.4933
Roque Pérez	0837	45	9	54	1	36	36	66.7	-59.2183	-35.6093
Saavedra	0839	649	414	1063	1	235	235	22.1	-62.3677	-37.7710
Saavedra	0840	4979	2209	7188	1	2770	2770	38.5	-62.2978	-37.6697
Saavedra	0841	175	93	268	1	82	82	30.6	-62.3465	-37.5021
Saavedra	0842	349	121	470	1	228	228	48.5	-62.4452	-37.4133
Saavedra	0843	212	75	287	1	137	137	47.7	-62.6297	-37.7561
Saavedra	0844	92	53	145	1	39	39	26.9	-62.4110	-37.9480
Saladillo	0846	9225	4588	13813	1	4637	4637	33.6	-59.7647	-35.6424
Saladillo	0847	127	68	195	1	59	59	30.3	-59.6184	-35.7647
Saladillo	0848	38	12	50	1	26	26	52.0	-59.8213	-35.5450
Saladillo	0849	358	259	617	1	99	99	16.0	-59.5395	-35.5186
Saladillo	0849A	190	52	242	1	138	138	57.0	-59.4719	-35.6177
Saladillo	0850	147	89	236	1	58	58	24.6	-59.6703	-35.5626
Saladillo	0851	29	6	35	1	23	23	65.7	-59.9396	-35.6082
Saladillo	0852	75	4	79	1	71	71	89.9	-59.9612	-35.7566
Salto	0854	6328	4907	11235	1	1421	1421	12.6	-60.2976	-34.3245
Salto	0855	635	180	815	1	455	455	55.8	-60.3174	-34.1144
Salto	0855A	25	2	27	1	23	23	85.2	-60.2836	-34.2268
Salto	0856	242	90	332	1	152	152	45.8	-60.1148	-34.3006
Salto	0857	307	157	464	1	150	150	32.3	-60.5087	-34.3733
Salto	0857A	7	5	12	1	2	2	16.7	-60.4150	-34.4126
Salto	0857B	38	17	55	1	21	21	38.2	-60.4385	-34.2812
Salto	0858	34	44	78	-1	10	-10	12.8	-60.2560	-34.4011
San Andrés de Giles	0860	4932	3029	7961	1	1903	1903	23.9	-59.4707	-34.4409
San Andrés de Giles	0861	202	87	289	1	115	115	39.8	-59.2614	-34.3877
San Andrés de Giles	0862	0	0	0	0	0	0	#DIV/0!	-59.6170	-34.5298
San Andrés de Giles	0862A	57	33	90	1	24	24	26.7	-59.5960	-34.4529
San Andrés de Giles	0863	289	149	438	1	140	140	32.0	-59.3391	-34.3064
San Andrés de Giles	0863A	103	123	226	-1	20	-20	8.8	-59.4110	-34.3618
San Andrés de Giles	0864	257	343	600	-1	86	-86	14.3	-59.3355	-34.4600
San Antonio de Areco	0866	6010	3510	9520	1	2500	2500	26.3	-59.4670	-34.2527
San Antonio de Areco	0867	0	0	0	0	0	0	#DIV/0!	-59.4752	-34.2800
San Antonio de Areco	0868	11	7	18	1	4	4	22.2	-59.6057	-34.3304
San Antonio de Areco	0869	273	154	427	1	119	119	27.9	-59.6253	-34.2210
San Antonio de Areco	0870	250	322	572	-1	72	-72	12.6	-59.3975	-34.1465
San Cayetano	0871	2329	892	3221	1	1437	1437	44.6	-59.6053	-38.3915
San Cayetano	0871A	29	1	30	1	28	28	93.3	-59.4309	-38.2226
San Cayetano	0871B	52	0	52	1	52	52	100.0	-59.5032	-38.6337
San Cayetano	0871C	32	1	33	1	31	31	93.9	-59.8401	-38.3910
San Cayetano	0871D	1	0	1	1	1	1	100.0	-59.6893	-38.1524
San Fernando	0872	2393	725	3118	1	1668	1668	53.5	-58.5573	-34.4403
San Fernando	0873	1500	379	1879	1	1121	1121	59.7	-58.5519	-34.4440
San Fernando	0874	593	469	1062	1	124	124	11.7	-58.5581	-34.4317
San Fernando	0875	578	264	842	1	314	314	37.3	-58.5646	-34.4376
San Fernando	0876	459	530	989	-1	71	-71	7.2	-58.5476	-34.4354
San Fernando	0877	3236	4308	7544	-1	1072	-1072	14.2	-58.5777	-34.4491
San Fernando	0878	2398	3563	5961	-1	1165	-1165	19.5	-58.5635	-34.4528
San Fernando	0878A	1815	4316	6131	-1	2501	-2501	40.8	-58.5858	-34.4629
San Fernando	0879	4238	3832	8070	1	406	406	5.0	-58.5586	-34.4589
San Fernando	0879A	2912	4746	7658	-1	1834	-1834	23.9	-58.5876	-34.4750
San Fernando	0880	7038	1581	8619	1	5457	5457	63.3	-58.5366	-34.4477
San Fernando	0880A	394	868	1262	-1	474	-474	37.6	-58.5597	-34.4664
San Fernando	0881	70	96	166	-1	26	-26	15.7	-58.4975	-34.1024
San Fernando	0882	51	50	101	1	1	1	1.0	-58.6916	-34.1557
San Fernando	0882A	184	153	337	1	31	31	9.2	-58.5339	-34.2307
San Isidro	0887	6501	1095	7596	1	5406	5406	71.2	-58.5078	-34.4650
San Isidro	0888	8722	1860	10582	1	6862	6862	64.8	-58.5236	-34.4736
San Isidro	0889	10036	4223	14259	1	5813	5813	40.8	-58.5245	-34.4600
San Isidro	0890	1430	330	1760	1	1100	1100	62.5	-58.5243	-34.4531
San Isidro	0891	23377	5093	28470	1	18284	18284	64.2	-58.5213	-34.4943
San Isidro	0892	20560	13680	34240	1	6880	6880	20.1	-58.5711	-34.4970
San Isidro	0892A	12869	5921	18790	1	6948	6948	37.0	-58.5477	-34.5153
San Isidro	0893	14304	5906	20210	1	8398	8398	41.6	-58.5498	-34.4789
San Isidro	0894	2729	325	3054	1	2404	2404	78.7	-58.5003	-34.4727
San Isidro	0895	10875	936	11811	1	9939	9939	84.2	-58.4916	-34.4845
San Nicolás	0901	13209	6114	19323	1	7095	7095	36.7	-60.2089	-33.3256
San Nicolás	0901A	2350	3436	5786	-1	1086	-1086	18.8	-60.2297	-33.3100
San Nicolás	0901B	5310	4370	9680	1	940	940	9.7	-60.1916	-33.3443
San Nicolás	0902	2299	1797	4096	1	502	502	12.3	-60.1839	-33.3778
San Nicolás	0903	1363	1935	3298	-1	572	-572	17.3	-60.2081	-33.3772
San Nicolás	0904	4232	5385	9617	-1	1153	-1153	12.0	-60.2498	-33.3478
San Nicolás	0905	1402	3558	4960	-1	2156	-2156	43.5	-60.2550	-33.2954
San Nicolás	0906	805	662	1467	1	143	143	9.7	-60.2821	-33.4602
San Nicolás	0907	234	418	652	-1	184	-184	28.2	-60.2707	-33.3947
San Nicolás	0908	310	237	547	1	73	73	13.3	-60.2140	-33.4565
San Nicolás	0909	178	47	225	1	131	131	58.2	-60.3033	-33.5103
San Nicolás	0910	713	249	962	1	464	464	48.2	-60.3561	-33.5842
San Nicolás	0911	1276	1288	2564	-1	12	-12	0.5	-60.2972	-33.3656
San Pedro	0913	13492	6748	20240	1	6744	6744	33.3	-59.6212	-33.6798
San Pedro	0914	517	470	987	1	47	47	4.8	-59.6247	-33.7768
San Pedro	0915	365	210	575	1	155	155	27.0	-59.7125	-33.7189
San Pedro	0916	24	20	44	1	4	4	9.1	-59.7769	-33.6569
San Pedro	0917	582	576	1158	1	6	6	0.5	-59.8360	-33.6361
San Pedro	0918	79	38	117	1	41	41	35.0	-59.7097	-33.8247
San Pedro	0919	22	13	35	1	9	9	25.7	-59.8556	-33.7234
San Pedro	0920	212	138	350	1	74	74	21.1	-59.7663	-33.9304
San Pedro	0921	6	0	6	1	6	6	100.0	-59.9370	-33.7450
San Pedro	0922	715	434	1149	1	281	281	24.5	-59.8845	-33.8663
San Pedro	0922A	1	1	2	0	0	0	0.0	-59.9730	-33.7937
San Vicente	0924	5179	5247	10426	-1	68	-68	0.7	-58.4502	-35.0595
San Vicente	0925	3750	6355	10105	-1	2605	-2605	25.8	-58.3481	-34.9687
San Vicente	0926	401	653	1054	-1	252	-252	23.9	-58.3177	-35.0476
San Vicente	0927	5	3	8	1	2	2	25.0	-58.5054	-35.1381
Suipacha	0929	2339	1907	4246	1	432	432	10.2	-59.6694	-34.7689
Suipacha	0929A	39	12	51	1	27	27	52.9	-59.5970	-34.8630
Suipacha	0930	27	18	45	1	9	9	20.0	-59.7995	-34.7005
Suipacha	0931	201	172	373	1	29	29	7.8	-59.7741	-34.5936
Tandil	0933	33499	19569	53068	1	13930	13930	26.2	-59.2247	-37.2499
Tandil	0934	56	12	68	1	44	44	64.7	-58.8760	-37.4396
Tandil	0935	30	7	37	1	23	23	62.2	-58.9286	-37.2776
Tandil	0936	13	3	16	1	10	10	62.5	-59.0323	-37.6262
Tandil	0937	541	442	983	1	99	99	10.1	-59.5044	-37.2991
Tandil	0938	52	23	75	1	29	29	38.7	-59.2281	-37.5055
Tandil	0939	49	11	60	1	38	38	63.3	-59.2526	-37.0422
Tandil	0940	215	100	315	1	115	115	36.5	-59.3974	-37.2007
Tapalqué	0944	2064	1877	3941	1	187	187	4.7	-60.0897	-36.2988
Tapalqué	0945	18	10	28	1	8	8	28.6	-59.9563	-36.3889
Tapalqué	0946	6	3	9	1	3	3	33.3	-59.7445	-36.2224
Tapalqué	0947	22	39	61	-1	17	-17	27.9	-59.5381	-36.1271
Tapalqué	0948	8	1	9	1	7	7	77.8	-60.5533	-36.3382
Tapalqué	0949	71	118	189	-1	47	-47	24.9	-60.1720	-36.5584
Tordillo	0951	508	452	960	1	56	56	5.8	-57.2776	-36.3945
Tornquist	0953	2418	881	3299	1	1537	1537	46.6	-62.1071	-38.1437
Tornquist	0954	219	21	240	1	198	198	82.5	-62.5551	-38.2929
Tornquist	0955	532	202	734	1	330	330	45.0	-61.8431	-38.3125
Tornquist	0955A	819	288	1107	1	531	531	48.0	-61.8438	-38.1465
Tornquist	0955B	208	90	298	1	118	118	39.6	-61.9173	-38.0779
Tornquist	0956	90	15	105	1	75	75	71.4	-62.1256	-38.3476
Trenque Lauquén	0957	9777	6406	16183	1	3371	3371	20.8	-62.7392	-35.9611
Trenque Lauquén	0958	187	197	384	-1	10	-10	2.6	-62.4663	-35.8903
Trenque Lauquén	0959	3	1	4	1	2	2	50.0	-62.7850	-35.7948
Trenque Lauquén	0959A	2	0	2	1	2	2	100.0	-62.6322	-35.6726
Trenque Lauquén	0960	6	5	11	1	1	1	9.1	-62.9469	-36.0922
Trenque Lauquén	0961	1218	806	2024	1	412	412	20.4	-62.5651	-36.2211
Trenque Lauquén	0961A	12	1	13	1	11	11	84.6	-62.4870	-36.3700
Trenque Lauquén	0961B	4	3	7	1	1	1	14.3	-62.2649	-36.1321
Trenque Lauquén	0961C	12	1	13	1	11	11	84.6	-62.7639	-36.2969
Tres Arroyos	0964	12096	9079	21175	1	3017	3017	14.2	-60.2591	-38.4144
Tres Arroyos	0968	13	7	20	1	6	6	30.0	-60.3137	-38.2836
Tres Arroyos	0969	141	102	243	1	39	39	16.0	-60.3431	-38.5145
Tres Arroyos	0970	6	4	10	1	2	2	20.0	-60.0047	-38.3058
Tres Arroyos	0972	640	431	1071	1	209	209	19.5	-59.7934	-38.7005
Tres Arroyos	0973	137	116	253	1	21	21	8.3	-60.1126	-38.7768
Tres Arroyos	0973A	351	312	663	1	39	39	5.9	-60.1528	-38.8544
Tres Arroyos	0974	5	0	5	1	5	5	100.0	-60.0062	-38.5750
Tres Arroyos	0975	292	149	441	1	143	143	32.4	-60.4418	-38.7517
Tres Arroyos	0975A	13	7	20	1	6	6	30.0	-60.2462	-38.6659
Tres Arroyos	0975B	110	99	209	1	11	11	5.3	-60.3658	-38.8893
Tres Arroyos	0976	2	0	2	1	2	2	100.0	-60.5743	-38.3549
Tres Arroyos	0977	2	0	2	1	2	2	100.0	-60.3635	-38.1574
Tres Arroyos	0978	2	0	2	1	2	2	100.0	-60.6692	-38.2018
Veinticinco de Mayo	0980	6982	4121	11103	1	2861	2861	25.8	-60.1647	-35.4268
Veinticinco de Mayo	0981	39	19	58	1	20	20	34.5	-60.0194	-35.4490
Veinticinco de Mayo	0982	0	0	0	0	0	0	#DIV/0!	-59.8769	-35.3690
Veinticinco de Mayo	0983	1240	690	1930	1	550	550	28.5	-59.7399	-35.2883
Veinticinco de Mayo	0984	719	232	951	1	487	487	51.2	-59.6057	-35.2673
Veinticinco de Mayo	0985	125	74	199	1	51	51	25.6	-60.0056	-35.2347
Veinticinco de Mayo	0986	19	14	33	1	5	5	15.2	-60.3190	-35.4024
Veinticinco de Mayo	0987	0	0	0	0	0	0	#DIV/0!	-60.1928	-35.6496
Veinticinco de Mayo	0988	295	147	442	1	148	148	33.5	-60.4192	-35.5947
Veinticinco de Mayo	0989	78	71	149	1	7	7	4.7	-60.5944	-35.7378
Veinticinco de Mayo	0990	108	35	143	1	73	73	51.0	-60.4061	-35.8218
Veinticinco de Mayo	0991	189	150	339	1	39	39	11.5	-60.6435	-35.8826
Vicente López	0993	12933	2529	15462	1	10404	10404	67.3	-58.4965	-34.5151
Vicente López	0994	6165	1285	7450	1	4880	4880	65.5	-58.4769	-34.5199
Vicente López	0995	7697	1931	9628	1	5766	5766	59.9	-58.4884	-34.5268
Vicente López	0996	11395	3097	14492	1	8298	8298	57.3	-58.5026	-34.5293
Vicente López	0997	4511	1334	5845	1	3177	3177	54.4	-58.4721	-34.5328
Vicente López	0998	6818	2555	9373	1	4263	4263	45.5	-58.4913	-34.5413
Vicente López	0999	10768	7179	17947	1	3589	3589	20.0	-58.5130	-34.5490
Vicente López	1000	15327	7057	22384	1	8270	8270	36.9	-58.5335	-34.5295
Vicente López	1001	18628	5585	24213	1	13043	13043	53.9	-58.5016	-34.5068
Villarino	1007	1255	934	2189	1	321	321	14.7	-62.6933	-38.8078
Villarino	1008	777	300	1077	1	477	477	44.3	-63.1183	-38.8939
Villarino	1009	120	9	129	1	111	111	86.0	-62.8190	-39.1980
Villarino	1010	1160	715	1875	1	445	445	23.7	-62.2966	-39.4244
Villarino	1011	2036	819	2855	1	1217	1217	42.6	-62.7462	-39.4591
Villarino	1011A	831	645	1476	1	186	186	12.6	-62.6561	-39.3531
Zárate	1013	6987	4614	11601	1	2373	2373	20.5	-59.0235	-34.0961
Zárate	1013A	21	69	90	-1	48	-48	53.3	-59.0814	-33.9240
Zárate	1014	4889	8077	12966	-1	3188	-3188	24.6	-59.0449	-34.1347
Zárate	1015	2158	1668	3826	1	490	490	12.8	-59.0098	-34.1051
Zárate	1016	935	890	1825	1	45	45	2.5	-58.9930	-34.1224
Zárate	1017	3873	6418	10291	-1	2545	-2545	24.7	-59.0747	-34.0923
Zárate	1018	2156	2674	4830	-1	518	-518	10.7	-59.0429	-34.0854
Zárate	1019	109	110	219	-1	1	-1	0.5	-59.1729	-34.1582
Zárate	1020	9	15	24	-1	6	-6	25.0	-59.1140	-34.0567
Zárate	1021	1667	4056	5723	-1	2389	-2389	41.7	-59.2300	-34.0303
